CH3CHO!
p177a   5.594E-22 5.594E-22 5.594E-22 5.594E-22 5.484E-22 5.071E-22
p177b   4.863E-22 4.847E-22 2.451E-20 3.411E-20 3.828E-20 3.745E-20
p177c   2.750E-20 1.673E-20 7.482E-21 2.646E-22 0.000E+00 0.000E+00
CH3CHO!
p566a   5.584E-22 5.584E-22 5.584E-22 5.584E-22 5.475E-22 5.058E-22
p566b   4.847E-22 4.827E-22 2.273E-20 2.992E-20 3.216E-20 3.009E-20
p566c   1.960E-20 1.002E-20 3.780E-21 1.366E-22 0.000E+00 0.000E+00
CH3CHO!
p999a   5.575E-22 5.575E-22 5.575E-22 5.575E-22 5.464E-22 5.044E-22
p999b   4.830E-22 4.806E-22 2.115E-20 2.654E-20 2.757E-20 2.498E-20
p999c   1.512E-20 7.076E-21 2.498E-21 9.262E-23 0.000E+00 0.000E+00

